100858665441324283557 102196889921439282573
103913633767553059800 102196889921439282573
103913633767553059800 117817227895152183866
103913633767553059800 115607154793438899571
114545204075575728841 100780367128662526766
114545204075575728841 113790726140646071672
114545204075575728841 102196889921439282573
114545204075575728841 105638788495575003274
116571576143616937436 102196889921439282573
116571576143616937436 116581406549070991220
116571576143616937436 103500970230812443048
116571576143616937436 114847882194112049955
116571576143616937436 108513959942790560373
116446725269610237194 102196889921439282573
100780367128662526766 114545204075575728841
100780367128662526766 105638788495575003274
100780367128662526766 102196889921439282573
100780367128662526766 117817227895152183866
100780367128662526766 103633081718508012615
100780367128662526766 102725473012815481800
100780367128662526766 113790726140646071672
100851448992685367723 102196889921439282573
103633081718508012615 105638788495575003274
103633081718508012615 100780367128662526766
103633081718508012615 102196889921439282573
103633081718508012615 102725473012815481800
103633081718508012615 107942411726520514681
103633081718508012615 113790726140646071672
116955772184856092800 102196889921439282573
116955772184856092800 101196592664260285403
102725473012815481800 105638788495575003274
102725473012815481800 100780367128662526766
102725473012815481800 102196889921439282573
102725473012815481800 103633081718508012615
102725473012815481800 107942411726520514681
102725473012815481800 113790726140646071672
101052206469358337859 102196889921439282573
102366444981803911269 102196889921439282573
113905488897077912204 108142657775153810673
113905488897077912204 102196889921439282573
113905488897077912204 113874872656986039879
113790726140646071672 114545204075575728841
113790726140646071672 105638788495575003274
113790726140646071672 100780367128662526766
113790726140646071672 102196889921439282573
113790726140646071672 117817227895152183866
113790726140646071672 103633081718508012615
113790726140646071672 103500970230812443048
113790726140646071672 102725473012815481800
113790726140646071672 108513959942790560373
113790726140646071672 107942411726520514681
115036662226773572833 102196889921439282573
101196592664260285403 102196889921439282573
101196592664260285403 117817227895152183866
101196592664260285403 116955772184856092800
114691330169159571521 102196889921439282573
116581406549070991220 102196889921439282573
116581406549070991220 116571576143616937436
116581406549070991220 103500970230812443048
116581406549070991220 108513959942790560373
117805888342132138335 102196889921439282573
102196889921439282573 100858665441324283557
102196889921439282573 103913633767553059800
102196889921439282573 114545204075575728841
102196889921439282573 116571576143616937436
102196889921439282573 116446725269610237194
102196889921439282573 100780367128662526766
102196889921439282573 100851448992685367723
102196889921439282573 103633081718508012615
102196889921439282573 116955772184856092800
102196889921439282573 102725473012815481800
102196889921439282573 101052206469358337859
102196889921439282573 102366444981803911269
102196889921439282573 113905488897077912204
102196889921439282573 113790726140646071672
102196889921439282573 115036662226773572833
102196889921439282573 101196592664260285403
102196889921439282573 114691330169159571521
102196889921439282573 117805888342132138335
102196889921439282573 117817227895152183866
102196889921439282573 103500970230812443048
102196889921439282573 103273436409455812123
102196889921439282573 107942411726520514681
102196889921439282573 101757671794376046027
102196889921439282573 106963198207352364695
102196889921439282573 114847882194112049955
102196889921439282573 115018506528567063474
102196889921439282573 106303927269461362160
102196889921439282573 111174316668036313670
102196889921439282573 115784309343126929552
102196889921439282573 101210034802741730562
102196889921439282573 102479037893713042691
102196889921439282573 105638788495575003274
102196889921439282573 118340841382520844133
102196889921439282573 113874872656986039879
102196889921439282573 108004755925563956417
102196889921439282573 108142657775153810673
102196889921439282573 116581406549070991220
102196889921439282573 115607154793438899571
102196889921439282573 103920360618126955164
102196889921439282573 118020532067908193578
102196889921439282573 100735809002307295705
102196889921439282573 110865782623403282609
102196889921439282573 114874895271456394749
102196889921439282573 100030186491283867974
102196889921439282573 108513959942790560373
102196889921439282573 104477641821643740620
102196889921439282573 110458920160830089030
102196889921439282573 113512842685605380157
117817227895152183866 103913633767553059800
117817227895152183866 101210034802741730562
117817227895152183866 118020532067908193578
117817227895152183866 100780367128662526766
117817227895152183866 102196889921439282573
117817227895152183866 115018506528567063474
117817227895152183866 113874872656986039879
117817227895152183866 113790726140646071672
117817227895152183866 115607154793438899571
103500970230812443048 116571576143616937436
103500970230812443048 110865782623403282609
103500970230812443048 108513959942790560373
103500970230812443048 113790726140646071672
103500970230812443048 116581406549070991220
103500970230812443048 100735809002307295705
103500970230812443048 102196889921439282573
103500970230812443048 114847882194112049955
103273436409455812123 108142657775153810673
103273436409455812123 102196889921439282573
107942411726520514681 113790726140646071672
107942411726520514681 102196889921439282573
107942411726520514681 103633081718508012615
107942411726520514681 102725473012815481800
101757671794376046027 102196889921439282573
106963198207352364695 102196889921439282573
114847882194112049955 110865782623403282609
114847882194112049955 103500970230812443048
114847882194112049955 102196889921439282573
115018506528567063474 102196889921439282573
115018506528567063474 117817227895152183866
115018506528567063474 101757671794376046027
106303927269461362160 110865782623403282609
106303927269461362160 102196889921439282573
106303927269461362160 118020532067908193578
111174316668036313670 102196889921439282573
101210034802741730562 102196889921439282573
101210034802741730562 117817227895152183866
102479037893713042691 102196889921439282573
105638788495575003274 114545204075575728841
105638788495575003274 100780367128662526766
105638788495575003274 102196889921439282573
105638788495575003274 103633081718508012615
105638788495575003274 102725473012815481800
105638788495575003274 113790726140646071672
118340841382520844133 102196889921439282573
113874872656986039879 113905488897077912204
113874872656986039879 108142657775153810673
113874872656986039879 117817227895152183866
113874872656986039879 102196889921439282573
113874872656986039879 110458920160830089030
108004755925563956417 104477641821643740620
108004755925563956417 102196889921439282573
108142657775153810673 103273436409455812123
108142657775153810673 117817227895152183866
108142657775153810673 102196889921439282573
108142657775153810673 113874872656986039879
108142657775153810673 110458920160830089030
115784309343126929552 102196889921439282573
115607154793438899571 103913633767553059800
115607154793438899571 102196889921439282573
115607154793438899571 117817227895152183866
103920360618126955164 102196889921439282573
118020532067908193578 106303927269461362160
118020532067908193578 102196889921439282573
118020532067908193578 110865782623403282609
113512842685605380157 102196889921439282573
110865782623403282609 106303927269461362160
110865782623403282609 118020532067908193578
110865782623403282609 102196889921439282573
110865782623403282609 103500970230812443048
110865782623403282609 100735809002307295705
110865782623403282609 114847882194112049955
114874895271456394749 102196889921439282573
100030186491283867974 102196889921439282573
108513959942790560373 116571576143616937436
108513959942790560373 102196889921439282573
108513959942790560373 103500970230812443048
108513959942790560373 113790726140646071672
108513959942790560373 116581406549070991220
108513959942790560373 114847882194112049955
104477641821643740620 102196889921439282573
104477641821643740620 108004755925563956417
110458920160830089030 108142657775153810673
110458920160830089030 102196889921439282573
110458920160830089030 113874872656986039879
100735809002307295705 110865782623403282609
100735809002307295705 102196889921439282573
100735809002307295705 114847882194112049955
100735809002307295705 103500970230812443048
